Racc:0.001051,0.000000,0.000000,0.000000,0.000287,0.000000,0.000000,0.000000,0.000873
Rgyr:0.000045,0.000000,0.000000,0.000000,0.000035,0.000000,0.000000,0.000000,0.000068
Rmag:0.104927,0.000000,0.000000,0.000000,0.095678,0.000000,0.000000,0.000000,0.000045
acc0:-0.457682,-0.671388,9.065144
gyr0:0.000660,0.000692,-0.000503
mag0:0.032379,-0.028262,-0.000660
